M 561.02857,70.710678 H 459.61941 V 9.8994949 l 101.82337,0.5000001 z|4
M 568.5,188 H 548 v 55.5 h 20.5 z|9
m 449.5,186.75 20,0 0,147 h -20 z|10
M 561.5,174 H 460 L 459.61941,70.710678 h 101.40916 z|104
m 609,557 0.5,-115 -74.5,-0.5 v -8 h 25.5 l 1,-190.5 -13.5,0.5 -0.99219,-56.50781 14.18283,-0.0225 -0.13258,-13.05806 L 460,174 v 12 l 9.5,0.75 v 147 l -9.625,0.65625 1.24816,98.83395 23.06434,0.10355 0.1875,8.8125 -79.55637,-0.0377 0.35356,114.55129 z|1
m 404.27344,556.78125 -72.11003,0.59567 V 501.86904 L 315.25,483.25 l 0.125,-41.125 88.75613,-0.006 z|103
M 609.9375,557.15625 676.625,556.5 V 503 l 18,-17.5 V 442 l -84.41395,0.0191 z|101
m 848.70491,680.23672 -0.35355,74.59976 -40.65864,-1.06065 0,-73.53911 z|6
m 768.27151,753.9526 -76.36752,0 -10e-6,20.5061 h 26.51651 l -0.35356,51.26524 49.85103,0 z|5
m 637.81031,703.9248 168.99852,0.70711 0.88389,-24.39519 L 676.70119,679.88317 676.625,556.5 l -66.6875,0.65625 12.31647,41.40964 16.05634,0.29289 z|3
m 463.00849,704.4248 -0.2071,69.50357 229.10259,0.53033 10e-6,-20.5061 115.08162,-1.01646 -0.17677,-47.28777 z|102
m 332.16341,557.37692 -0.17678,122.50625 h -22.62741 l 0.2071,94.50231 152.05868,0.052 -0.0625,-70.125 -87.06107,0.0542 0.17677,-105.53569 h 18.73833 l 10.42983,-34.64823 -0.15886,-6.49532 z|2
m 434.625,659.875 0.25,39.25 -54.75,-0.25 0.25,-38.75 11.75,-0.25 v -7.25 l -11.75,0.25 v -48.75 h 16.75 v -5.5 l 10.75,-36.5 14.25,0.25 v -5 l 57.75,-0.25 -0.25,5 62,-0.25 0.25,-4.5 51.75,0.25 0.25,5 14,-0.25 11.75,41.75 12.75,0.25 0.5,48.25 -7.25,0.25 0.25,6.5 7,0.25 0.25,39.25 h -57.25 l 0.5,-38.75 h 6.75 l -0.25,-7.5 -19,0.5 v 7 h 6.75 l 0.5,38.75 -64.75,-0.25 0.25,-38.25 6.5,-0.25 -0.25,-7.5 h -20.25 v 7.5 l 7.75,0.25 0.75,38.5 -61,-0.25 0.25,-38.5 h 7.5 v -7.5 l -20.75,0.5 -0.25,7.25 z|7
