m 2034.1768,1159.0646 h -55.8798 l -0.085,130.6207 55.965,-0.015 z|9
m 2014.1255,843.21244 -259.3416,-0.35237 1.4095,-146.58436 263.57,0 z|4
m 1736.2237,1156.1677 56.663,-0.9962 -10e-5,371.6078 -56.663,-3.002 z|10
m 1619.4753,2091.6461 4.2284,-293.8735 h 194.5062 v -21.142 h -59.1976 v -250.8847 l 33.8743,1.0334 10e-5,-371.6078 -35.2838,-0.1149 3.4774,-311.02518 253.0452,-0.81898 v 313.95836 l -35.8285,1.8938 -0.085,130.6207 35.2088,0.6799 0.7047,486.2654 -66.9496,0.7048 2.7047,21.1419 180.9406,-2.5279 v 291.0195 z|1
m 1619.4753,2091.6461 -187.3004,0.306 v -139.5299 l -43.8522,-47.8388 v -105.6441 l 235.381,-1.1667 z|103
m 2130.8212,2086.9689 177.8825,0.4488 V 1952.109 l 44.867,-43.5391 v -109.6306 l -222.7495,-2.9899 z|101
m 1772.5283,2463.6997 -1.9933,179.3956 -361.2828,2.9899 1.9932,-243.1807 23.9195,-1.9933 -2.99,-308.9591 187.3004,-0.306 -30.8275,103.9568 h -47.8389 v 269.0934 z|2
m 2540.0269,2586.7811 -191.5309,0.4983 -0.3273,54.058 h 67.6543 v 126.8519 h 124.0329 z|5
m 2643.9405,2586.7811 0.2029,-184.8733 h 99.6127 v 185.3755 z|6
m 2210.7459,2463.7448 432.8767,-0.2918 0.5208,-61.5452 -336.8492,2.6395 1.4095,-317.1296 -171.6535,0.05 31.8925,108.1357 40.8624,-0.4983 z|3
m 1770.535,2643.0953 1.9933,-179.3956 871.0943,-0.2467 0.3179,123.3281 h -103.9136 l -191.5309,0.4983 -0.3273,54.058 -577.6337,1.0104|102
m 2096.5792,2087.4177 v 16.2088 l 38.0555,-0.7047 29.5988,107.8241 31.713,-0.7048 0.7047,123.3282 h -18.323 v 19.7325 l 17.6183,-0.7047 0.7047,97.9578 -144.4702,-0.7047 v -97.9578 h 19.0278 v -19.0278 l -51.4455,0.7047 v 19.7325 l 19.0278,-1.4094 v 97.9578 l -164.9074,1.4094 0.7048,-98.6625 h 17.6183 v -19.0278 l -52.5026,0.7047 v 17.6184 h 21.142 v 98.6625 l -153.6317,-0.7047 v -97.2531 l 19.7325,-0.7047 0.7047,-19.0278 -54.9691,0.7047 v 19.0278 l 20.4372,-0.7047 v 97.9578 h -138.4799 l 0.7047,-97.9578 h 31.0083 v -18.3231 h -32.4177 l 1.4094,-124.0329 43.6934,0.7047 v -18.323 l 26.0751,-88.7963 h 35.9414 v -10.571 l 147.2891,-0.7047 v 11.2757 h 158.5648 l -2.1142,-12.6852 z|7